1 147 430
2 392 457
3 217 301
4 368 107
5 140 338
6 6 43
7 246 368
8 137 488
9 184 323
10 161 255
11 478 245
12 493 310
13 195 227
14 61 13
15 193 7
16 324 472
17 204 346
18 212 95
19 392 144
20 339 462
21 183 129
22 292 54
23 217 369
24 110 268
25 213 481
26 418 436
27 359 312
28 346 491
29 256 68
30 459 381
31 72 172
32 180 479
33 467 284
34 493 201
35 462 354
36 328 228
37 163 105
38 161 418
39 241 61
40 25 221
41 361 273
42 380 316
43 217 257
44 252 406
45 187 33
46 460 357
47 408 331
48 1 286
49 301 196
50 128 331